       -0.080491999733862        0.075119541938446        0.030326712155142
        0.088957742176386       -0.366582440665174       -0.034468886309977
        0.020492281877241       -0.065852873563727       -0.048263095130931
        0.556351866633799        0.108771097004321       -0.236643310457171
        0.000807849129906        0.788840356766148        0.006031607958841
       -0.224071953709527        0.005024381773788        0.193665087409608
       -0.424364709389256       -0.058064520142237        0.145990580779565
        0.009832219707578       -0.236729636814834        0.006194991105268
        0.169207993167778        0.016385920671088       -0.176942720842594
       -0.171372983206732       -0.039963947637963        0.048539951383120
       -0.070526822037760       -0.157856147496631        0.041394314610549
        0.018027972663411        0.031003194245976       -0.001142459320877
        0.406139395540811       -0.166442973506332        0.098612119490631
        0.028550426143032        0.005106281792444       -0.028601160416605
        0.034958119219451       -0.011977425651470        0.009147703906663
       -0.045551893650648       -0.010728198359852       -0.027298628319386
       -0.068381832768457       -0.023158718811141       -0.009195874887023
        0.020955951312342       -0.012813206007179       -0.040298400723748
       -0.260852828737963        0.076622495055644       -0.059545477882035
        0.022642773933200       -0.022848417684794       -0.004891726753932
       -0.037503896285257        0.003888470115069       -0.017848440738588
       -0.201711771796863        0.008612648752352       -0.016116334996505
       -0.069872242878071       -0.000481834662130       -0.008429552724786
        0.010825576412069       -0.008198834498432       -0.025112608071836
        0.104705988434320       -0.030309108798953        0.020716046083124
        0.049535381230710       -0.080935652994094        0.015558657734268
       -0.012839431827762        0.012881136742453       -0.037255420780615
        0.077081878988502        0.001303118025633        0.008335648082344
       -0.022569054810778        0.040199431573906       -0.034113805154009
        0.016108884943209       -0.027250558532308       -0.021131427551361
        0.033483887373508        0.041437772138345       -0.003091427660388
        0.033296402553318        0.022303145878347        0.014105147523529
       -0.007867489835833        0.016475537797715        0.038591141152656
        0.029932295603886        0.017273923290927       -0.006454473598859
        0.023938968208296        0.009845635608436        0.012235834637258
       -0.010050820045789        0.015525509406092        0.041262800158083
       -0.029922564876719        0.005633258514547       -0.010684940425767
        0.004947525681242        0.033942717628020        0.004113176754981
       -0.006981588165166        0.006330165845136        0.047376861769867
        0.006573441305992       -0.029265098221638        0.007313532006996
       -0.031159343632119       -0.011644700954687        0.020067275679711
        0.008738402202435        0.018578580658717        0.037950976149150
