 $hessian
        0.0550771740       -0.0352235903       -0.0230925516       -0.0262503923        0.0032916046
       -0.0065877563       -0.0312428096        0.0429313274        0.0277282743        0.0045845492
       -0.0035736266        0.0029824388       -0.0007420211       -0.0009936023       -0.0001480072
       -0.0036517498       -0.0027382098       -0.0013477411        0.0005203656        0.0002413547
       -0.0000896916        0.0002923616       -0.0004121939        0.0001686774        0.0014571219
       -0.0001687359       -0.0004594666       -0.0000438444       -0.0002566950        0.0002719763
       -0.0000779106       -0.0032358545        0.0004805290        0.0000104016        0.0000410579
        0.0000675392        0.0000112802        0.0001002834       -0.0000581556        0.0000554736
       -0.0000031195        0.0000839351
       -0.0352235903        0.1450416589        0.0285650776       -0.0265146028       -0.0795865546
        0.0116930202        0.0577240100       -0.0201378040       -0.0337010670        0.0138625384
       -0.0337633905       -0.0062244668       -0.0081607763       -0.0004628050       -0.0018161851
        0.0001735223       -0.0053949304       -0.0000644463        0.0010886342       -0.0003273426
        0.0001332499        0.0001349601       -0.0012577808        0.0013388537       -0.0001827142
       -0.0000947068        0.0005740157        0.0002228163       -0.0006713676        0.0001432855
       -0.0022953648       -0.0023858683       -0.0008487481       -0.0003819668       -0.0005828070
        0.0002801805       -0.0002883522       -0.0002373050       -0.0001038979       -0.0001591138
       -0.0001389963        0.0000311281
       -0.0230925516        0.0285650776        0.0224229007       -0.0083135668       -0.0043694210
       -0.0305555916        0.0282852161       -0.0242742332       -0.0019158378        0.0039921713
        0.0013260303        0.0089985735       -0.0007130215       -0.0007258303        0.0010794204
        0.0002808056        0.0008763344        0.0003525381       -0.0004944244        0.0000138261
        0.0001917406        0.0008004015       -0.0002860824       -0.0004899869       -0.0002143019
       -0.0008082210        0.0001325334       -0.0002923066        0.0003292345       -0.0001535911
       -0.0001380705       -0.0005037408       -0.0000242456       -0.0000547915       -0.0001009668
       -0.0000424262       -0.0000066586       -0.0000131705       -0.0000241803       -0.0000389012
       -0.0000288370        0.0000281527
       -0.0262503923       -0.0265146028       -0.0083135668        0.8319550599        0.0480547919
       -0.3410666606       -0.6722220821        0.0422201881        0.3316589004       -0.1176710722
       -0.0440986703        0.0104946655        0.0250335313       -0.0053971350        0.0007580720
       -0.0256822807       -0.0263125021        0.0124342898       -0.0092019874        0.0018631280
       -0.0013637667        0.0007129220        0.0048377581       -0.0011261554       -0.0060130491
        0.0036758714       -0.0019629383       -0.0008653040        0.0017887369       -0.0010156119
       -0.0004584441       -0.0004281177       -0.0002640683        0.0008434682        0.0012300483
       -0.0003363044       -0.0000566488       -0.0009280473        0.0001403098       -0.0001237207
        0.0000085524       -0.0000371653
        0.0032916046       -0.0795865546       -0.0043694210        0.0480547919        0.3380582632
       -0.0342165519        0.0127039242       -0.0852689419       -0.0035151477       -0.0525579235
       -0.1554558571        0.0305827643       -0.0069132147       -0.0289516872        0.0097204194
       -0.0152827012        0.0091650427       -0.0012163525       -0.0042389388       -0.0012335646
       -0.0007426841        0.0026109111       -0.0021014695        0.0040745621        0.0049474633
        0.0053605911        0.0004795675        0.0028936478       -0.0005181630        0.0000480359
        0.0036580081       -0.0008455668       -0.0006394650       -0.0005601582        0.0002063322
        0.0001392414        0.0011276565        0.0010707178       -0.0000201428        0.0002649287
        0.0001008572       -0.0003248253
       -0.0065877563        0.0116930202       -0.0305555916       -0.3410666606       -0.0342165519
        0.3496013245        0.3317154715       -0.0229397118       -0.2426962512        0.0100219575
        0.0346869396       -0.0793653015        0.0025740803        0.0114919119       -0.0024091750
        0.0030249982       -0.0050303982        0.0006342700        0.0032919486        0.0006872474
       -0.0028543185       -0.0005300731        0.0030528511        0.0048470637       -0.0017868188
        0.0010526501        0.0066675208       -0.0012938336        0.0002710202       -0.0011831525
        0.0006275552       -0.0003878711       -0.0028668014        0.0002074631        0.0001764865
        0.0004033207       -0.0003778492       -0.0002511764        0.0005043013        0.0001795170
       -0.0002864175       -0.0007272094
       -0.0312428096        0.0577240100        0.0282852161       -0.6722220821        0.0127039242
        0.3317154715        0.7424609908       -0.0565272231       -0.3879221987       -0.0372163139
       -0.0153478118        0.0294685959       -0.0121764665        0.0060451524       -0.0017136834
        0.0039272663       -0.0039274892        0.0005873877        0.0066310755        0.0022834174
       -0.0004562115        0.0010401669       -0.0007084887       -0.0008980141       -0.0000146837
       -0.0023762270       -0.0005932180       -0.0010912238        0.0002259567        0.0001765662
        0.0005739480        0.0008140354        0.0009462206       -0.0002590861       -0.0005009781
        0.0001015968       -0.0004531454       -0.0003606104        0.0001043119        0.0000423634
       -0.0000476679        0.0001979590
        0.0429313274       -0.0201378040       -0.0242742332        0.0422201881       -0.0852689419
       -0.0229397118       -0.0565272231        0.0989818814        0.0300358633       -0.0277781109
        0.0147720257        0.0124510686        0.0015918799        0.0015507653       -0.0009172316
        0.0009185519       -0.0048727190        0.0030652001        0.0003112440       -0.0051449433
        0.0042206341       -0.0002093240        0.0008795467       -0.0007542754       -0.0017572799
       -0.0005589902       -0.0010022259       -0.0007246396        0.0001551654        0.0000231913
       -0.0005702360        0.0001130313        0.0001160315        0.0000083079        0.0000299866
       -0.0000436610       -0.0003173413       -0.0004567504       -0.0000671948       -0.0000973442
       -0.0000422536        0.0000865448
        0.0277282743       -0.0337010670       -0.0019158378        0.3316589004       -0.0035151477
       -0.2426962512       -0.3879221987        0.0300358633        0.2386928420        0.0287060781
        0.0019202353        0.0078170863        0.0010313168       -0.0030084030        0.0007934165
       -0.0003487975        0.0055055528       -0.0000175863       -0.0018693721        0.0035590346
       -0.0016361790       -0.0000954270       -0.0000355852       -0.0004589984        0.0012082576
       -0.0005269355       -0.0003497878        0.0001738006       -0.0001781745        0.0001083287
       -0.0006259823       -0.0004872671       -0.0000599183        0.0000924796        0.0000245648
       -0.0000473600        0.0003036711        0.0003341310       -0.0002312484       -0.0000410009
        0.0000731982        0.0000014939
        0.0045845492        0.0138625384        0.0039921713       -0.1176710722       -0.0525579235
        0.0100219575       -0.0372163139       -0.0277781109        0.0287060781        0.6615096244
       -0.0117448023        0.0109858147       -0.1386599249        0.0233487684       -0.0128502575
       -0.3119882977        0.0573583430       -0.0378383174       -0.0238511808        0.0261344124
       -0.0117940534        0.0671333243        0.0124989665        0.0005449951       -0.0430069120
       -0.0728244441        0.0248351290       -0.0505682709        0.0361874751       -0.0169581608
       -0.0076266689        0.0012612551       -0.0005720142       -0.0017935745       -0.0034858226
        0.0009709934       -0.0001028745       -0.0032834935        0.0005995551       -0.0007424080
        0.0010228382       -0.0006438909
       -0.0035736266       -0.0337633905        0.0013260303       -0.0440986703       -0.1554558571
        0.0346869396       -0.0153478118        0.0147720257        0.0019202353       -0.0117448023
        0.5847326940       -0.1563659021        0.0801126663       -0.2512160842        0.0790135617
       -0.0097587186       -0.1249629682        0.0161359461        0.0091758088       -0.0000972189
        0.0012781377       -0.0430555104       -0.0487886398        0.0169614686       -0.0172711291
        0.0456675363       -0.0145431361        0.0347070792       -0.0275990570        0.0109948684
        0.0265976703        0.0009765737        0.0033660330       -0.0032198833       -0.0016363757
        0.0021718192       -0.0034713784       -0.0024122485        0.0032075857        0.0009483061
       -0.0002169898       -0.0001535875
        0.0029824388       -0.0062244668        0.0089985735        0.0104946655        0.0305827643
       -0.0793653015        0.0294685959        0.0124510686        0.0078170863        0.0109858147
       -0.1563659021        0.2067929179       -0.0314957673        0.0745156129       -0.0968958440
       -0.0120075644        0.0207021860       -0.0709079510       -0.0053030633        0.0037998434
        0.0025576972        0.0163577308        0.0220183917        0.0032832745        0.0018613847
       -0.0165022892        0.0151857306       -0.0138840884        0.0088512820       -0.0101826149
       -0.0104149507        0.0007179328        0.0026821732        0.0007482428        0.0027126156
        0.0048406761        0.0005033917        0.0030281388        0.0061975124       -0.0002968307
       -0.0002871780       -0.0010039304
       -0.0007420211       -0.0081607763       -0.0007130215        0.0250335313       -0.0069132147
        0.0025740803       -0.0121764665        0.0015918799        0.0010313168       -0.1386599249
        0.0801126663       -0.0314957673        0.5369501237        0.0284320881        0.0209766911
       -0.0073877394        0.0340887561       -0.0134165093       -0.1750857573        0.0185419143
       -0.0205149700       -0.1812228107       -0.1316298641        0.0401790285       -0.0008422670
       -0.0144595689        0.0055010194       -0.0464816751       -0.0136889028        0.0014531215
       -0.0045747572       -0.0000474426       -0.0006585788        0.0085509596        0.0109162985
       -0.0036722864        0.0006046046       -0.0002159457        0.0001888015       -0.0039658003
        0.0014321119       -0.0014329259
       -0.0009936023       -0.0004628050       -0.0007258303       -0.0053971350       -0.0289516872
        0.0114919119        0.0060451524        0.0015507653       -0.0030084030        0.0233487684
       -0.2512160842        0.0745156129        0.0284320881        0.5751256151       -0.1652370500
        0.0968595171        0.0268087751        0.0013154175        0.0177988335       -0.0418261713
        0.0086075600       -0.0551864052       -0.2401534164        0.0606181826       -0.0138000939
       -0.0806970501        0.0249560597       -0.0793483315        0.0533262477       -0.0233041473
       -0.0002859877        0.0019738198        0.0016435436       -0.0180773766       -0.0163379960
        0.0067774559       -0.0002932474       -0.0016684052        0.0003031864        0.0008978201
        0.0025283923        0.0020465000
       -0.0001480072       -0.0018161851        0.0010794204        0.0007580720        0.0097204194
       -0.0024091750       -0.0017136834       -0.0009172316        0.0007934165       -0.0128502575
        0.0790135617       -0.0968958440        0.0209766911       -0.1652370500        0.1970419364
       -0.0359747249       -0.0042316401        0.0073503413       -0.0209798933        0.0072958414
       -0.0312977454        0.0148720371        0.0560338808       -0.0877963306        0.0052437775
        0.0256380295       -0.0155527187        0.0242842699       -0.0174763034        0.0149015121
       -0.0005018783        0.0012958479        0.0057810385        0.0072256732        0.0084259029
        0.0008886834        0.0001335833        0.0002531380       -0.0007880548       -0.0013256595
        0.0020017885        0.0069035200
       -0.0036517498        0.0001735223        0.0002808056       -0.0256822807       -0.0152827012
        0.0030249982        0.0039272663        0.0009185519       -0.0003487975       -0.3119882977
       -0.0097587186       -0.0120075644       -0.0073877394        0.0968595171       -0.0359747249
        0.6733479187       -0.0000015736        0.0362004487       -0.0007641473       -0.0024299214
       -0.0000452657       -0.0724132263       -0.0315442052        0.0071723962       -0.2169172084
       -0.0651036437        0.0107230893        0.0770476028       -0.0444025929        0.0214440425
       -0.0999392051        0.0933519810       -0.0368448480       -0.0013364399       -0.0007848169
        0.0000942909       -0.0146557865       -0.0248070468        0.0076145573        0.0004132933
        0.0028116476       -0.0013334282
       -0.0027382098       -0.0053949304        0.0008763344       -0.0263125021        0.0091650427
       -0.0050303982       -0.0039274892       -0.0048727190        0.0055055528        0.0573583430
       -0.1249629682        0.0207021860        0.0340887561        0.0268087751       -0.0042316401
       -0.0000015736        0.6923230254       -0.1914753717        0.0019769548       -0.0039399516
        0.0032009900       -0.0293638899       -0.0148798783        0.0015470688       -0.1413002479
       -0.2496896070        0.0549297170        0.0116426375       -0.0542721871        0.0231827471
        0.0922554297       -0.2743830794        0.0884246421       -0.0006610125        0.0002615507
       -0.0007266103        0.0041759944        0.0066683360       -0.0007613497        0.0028068096
       -0.0028314089        0.0038561318
       -0.0013477411       -0.0000644463        0.0003525381        0.0124342898       -0.0012163525
        0.0006342700        0.0005873877        0.0030652001       -0.0000175863       -0.0378383174
        0.0161359461       -0.0709079510       -0.0134165093        0.0013154175        0.0073503413
        0.0362004487       -0.1914753717        0.2123171528       -0.0007935982        0.0029735190
        0.0034498876        0.0053818181        0.0013235102       -0.0059230017        0.0381921801
        0.0584022903       -0.0845248554        0.0002337609        0.0194326538        0.0013768759
       -0.0355783069        0.0897485156       -0.0732912481        0.0002693375       -0.0005090519
       -0.0008511831       -0.0028073846       -0.0029763645        0.0043951219       -0.0015173656
        0.0038445342        0.0056396380
        0.0005203656        0.0010886342       -0.0004944244       -0.0092019874       -0.0042389388
        0.0032919486        0.0066310755        0.0003112440       -0.0018693721       -0.0238511808
        0.0091758088       -0.0053030633       -0.1750857573        0.0177988335       -0.0209798933
       -0.0007641473        0.0019769548       -0.0007935982        0.2493792374       -0.0258443569
        0.0312693134       -0.0475825159        0.0022639216       -0.0058204120       -0.0021982419
        0.0032508510       -0.0014081394        0.0038411617       -0.0064677246        0.0020498565
       -0.0010372906       -0.0001928859       -0.0000437899        0.0008324066        0.0005862986
        0.0001597636       -0.0000988275        0.0001152290        0.0000127263       -0.0013842979
        0.0001761309       -0.0000709157
        0.0002413547       -0.0003273426        0.0000138261        0.0018631280       -0.0012335646
        0.0006872474        0.0022834174       -0.0051449433        0.0035590346        0.0261344124
       -0.0000972189        0.0037998434        0.0185419143       -0.0418261713        0.0072958414
       -0.0024299214       -0.0039399516        0.0029735190       -0.0258443569        0.0459583141
       -0.0168939691       -0.0212199445        0.0060488718       -0.0014960880        0.0005562762
        0.0016677727       -0.0008403192        0.0001978162       -0.0022525524        0.0027956594
        0.0010262921        0.0000828236        0.0001267872       -0.0006926685        0.0009149712
       -0.0015467671        0.0000001812        0.0000954575       -0.0003282857       -0.0006579013
        0.0000535337       -0.0001463295
       -0.0000896916        0.0001332499        0.0001917406       -0.0013637667       -0.0007426841
       -0.0028543185       -0.0004562115        0.0042206341       -0.0016361790       -0.0117940534
        0.0012781377        0.0025576972       -0.0205149700        0.0086075600       -0.0312977454
       -0.0000452657        0.0032009900        0.0034498876        0.0312693134       -0.0168939691
        0.0225536231        0.0025518739       -0.0000401658        0.0065026128       -0.0002295565
       -0.0000563997       -0.0008768291        0.0003790791        0.0019532398        0.0044246502
       -0.0005158692        0.0000345801        0.0002270202        0.0005810342       -0.0013527462
       -0.0024313224        0.0000627473       -0.0002800484       -0.0006724750        0.0001653369
       -0.0000623782       -0.0001383623
        0.0002923616        0.0001349601        0.0008004015        0.0007129220        0.0026109111
       -0.0005300731        0.0010401669       -0.0002093240       -0.0000954270        0.0671333243
       -0.0430555104        0.0163577308       -0.1812228107       -0.0551864052        0.0148720371
       -0.0724132263       -0.0293638899        0.0053818181       -0.0475825159       -0.0212199445
        0.0025518739        0.6947581912       -0.0245157457        0.0539236898       -0.0077317103
        0.0913556239       -0.0337626549       -0.3419954870       -0.0174068042       -0.0152772273
       -0.0010402221       -0.0010828367        0.0002019642       -0.0993894398        0.0925909161
       -0.0406191675        0.0013727571        0.0015568164       -0.0010407613       -0.0139343110
        0.0037912327       -0.0027642043
       -0.0004121939       -0.0012577808       -0.0002860824        0.0048377581       -0.0021014695
        0.0030528511       -0.0007084887        0.0008795467       -0.0000355852        0.0124989665
       -0.0487886398        0.0220183917       -0.1316298641       -0.2401534164        0.0560338808
       -0.0315442052       -0.0148798783        0.0013235102        0.0022639216        0.0060488718
       -0.0000401658       -0.0245157457        0.6654519353       -0.2019465523        0.0358931557
        0.0290637358       -0.0044104573        0.0608844571       -0.1303250670        0.0292816839
       -0.0005758751        0.0002776652       -0.0006041027        0.0958664762       -0.2670703214
        0.0941287728        0.0019719789       -0.0036241612        0.0039943165       -0.0248303413
        0.0064789794       -0.0025104611
        0.0001686774        0.0013388537       -0.0004899869       -0.0011261554        0.0040745621
        0.0048470637       -0.0008980141       -0.0007542754       -0.0004589984        0.0005449951
        0.0169614686        0.0032832745        0.0401790285        0.0606181826       -0.0877963306
        0.0071723962        0.0015470688       -0.0059230017       -0.0058204120       -0.0014960880
        0.0065026128        0.0539236898       -0.2019465523        0.2151008679       -0.0145234473
       -0.0014895861        0.0082963113       -0.0451104904        0.0239678623       -0.0767476746
        0.0002371608       -0.0004264598       -0.0008634769       -0.0413193113        0.0940103565
       -0.0766109608       -0.0011294441        0.0039528256        0.0054244883        0.0077013268
       -0.0003582186        0.0054358113
        0.0014571219       -0.0001827142       -0.0002143019       -0.0060130491        0.0049474633
       -0.0017868188       -0.0000146837       -0.0017572799        0.0012082576       -0.0430069120
       -0.0172711291        0.0018613847       -0.0008422670       -0.0138000939        0.0052437775
       -0.2169172084       -0.1413002479        0.0381921801       -0.0021982419        0.0005562762
       -0.0002295565       -0.0077317103        0.0358931557       -0.0145234473        0.7613590122
        0.0057579474        0.0452781541       -0.1651838337        0.1039237291       -0.0447869613
        0.0121349315        0.0104228681       -0.0030733361       -0.0053911635       -0.0001250793
       -0.0009869150       -0.3393028568        0.0315959277       -0.0334712044        0.0116508607
       -0.0186608232        0.0072887873
       -0.0001687359       -0.0000947068       -0.0008082210        0.0036758714        0.0053605911
        0.0010526501       -0.0023762270       -0.0005589902       -0.0005269355       -0.0728244441
        0.0456675363       -0.0165022892       -0.0144595689       -0.0806970501        0.0256380295
       -0.0651036437       -0.2496896070        0.0584022903        0.0032508510        0.0016677727
       -0.0000563997        0.0913556239        0.0290637358       -0.0014895861        0.0057579474
        0.6172009350       -0.1714732458        0.0278474884       -0.2809231654        0.0798502219
       -0.0178092700       -0.0137747554        0.0060719916       -0.0003486889        0.0025499078
        0.0018306769        0.0312711736       -0.0612193659        0.0105078662        0.0099316226
       -0.0145528381        0.0075029509
       -0.0004594666        0.0005740157        0.0001325334       -0.0019629383        0.0004795675
        0.0066675208       -0.0005932180       -0.0010022259       -0.0003497878        0.0248351290
       -0.0145431361        0.0151857306        0.0055010194        0.0249560597       -0.0155527187
        0.0107230893        0.0549297170       -0.0845248554       -0.0014081394       -0.0008403192
       -0.0008768291       -0.0337626549       -0.0044104573        0.0082963113        0.0452781541
       -0.1714732458        0.2019478651       -0.0174841723        0.0856116499       -0.0985684296
        0.0067956890        0.0076615322        0.0028315051       -0.0008621119        0.0017889220
        0.0064486239       -0.0334826324        0.0105146045       -0.0443642648       -0.0031177468
        0.0057533157        0.0027267951
       -0.0000438444        0.0002228163       -0.0002923066       -0.0008653040        0.0028936478
       -0.0012938336       -0.0010912238       -0.0007246396        0.0001738006       -0.0505682709
        0.0347070792       -0.0138840884       -0.0464816751       -0.0793483315        0.0242842699
        0.0770476028        0.0116426375        0.0002337609        0.0038411617        0.0001978162
        0.0003790791       -0.3419954870        0.0608844571       -0.0451104904       -0.1651838337
        0.0278474884       -0.0174841723        0.7060027225        0.0496395605        0.0247528674
       -0.0017921321       -0.0033324036        0.0006188647       -0.0062589216       -0.0007013858
       -0.0001597641       -0.0068056559        0.0279848297       -0.0107509003       -0.1658051387
       -0.1319135719        0.0385329130
       -0.0002566950       -0.0006713676        0.0003292345        0.0017887369       -0.0005181630
        0.0002710202        0.0002259567        0.0001551654       -0.0001781745        0.0361874751
       -0.0275990570        0.0088512820       -0.0136889028        0.0533262477       -0.0174763034
       -0.0444025929       -0.0542721871        0.0194326538       -0.0064677246       -0.0022525524
        0.0019532398       -0.0174068042       -0.1303250670        0.0239678623        0.1039237291
       -0.2809231654        0.0856116499        0.0496395605        0.6626153875       -0.1850382724
       -0.0037511595       -0.0015985997        0.0028039176        0.0271216570        0.0021470140
        0.0026389754       -0.0011250611        0.0020394594        0.0004547278       -0.1317881752
       -0.2221231149        0.0563781869
        0.0002719763        0.0001432855       -0.0001535911       -0.0010156119        0.0000480359
       -0.0011831525        0.0001765662        0.0000231913        0.0001083287       -0.0169581608
        0.0109948684       -0.0101826149        0.0014531215       -0.0233041473        0.0149015121
        0.0214440425        0.0231827471        0.0013768759        0.0020498565        0.0027956594
        0.0044246502       -0.0152772273        0.0292816839       -0.0767476746       -0.0447869613
        0.0798502219       -0.0985684296        0.0247528674       -0.1850382724        0.2124711549
        0.0007030966        0.0025884910        0.0064151642       -0.0110302064        0.0006452468
        0.0030870542       -0.0003692331        0.0026103366        0.0026635882        0.0385858738
        0.0561786519       -0.0586128659
       -0.0000779106       -0.0022953648       -0.0001380705       -0.0004584441        0.0036580081
        0.0006275552        0.0005739480       -0.0005702360       -0.0006259823       -0.0076266689
        0.0265976703       -0.0104149507       -0.0045747572       -0.0002859877       -0.0005018783
       -0.0999392051        0.0922554297       -0.0355783069       -0.0010372906        0.0010262921
       -0.0005158692       -0.0010402221       -0.0005758751        0.0002371608        0.0121349315
       -0.0178092700        0.0067956890       -0.0017921321       -0.0037511595        0.0007030966
        0.1027035478       -0.0980424678        0.0389544938        0.0000479676        0.0000631852
        0.0000161609        0.0006997453        0.0006112402        0.0000712986        0.0003864905
       -0.0008814647        0.0003696030
       -0.0032358545       -0.0023858683       -0.0005037408       -0.0004281177       -0.0008455668
       -0.0003878711        0.0008140354        0.0001130313       -0.0004872671        0.0012612551
        0.0009765737        0.0007179328       -0.0000474426        0.0019738198        0.0012958479
        0.0933519810       -0.2743830794        0.0897485156       -0.0001928859        0.0000828236
        0.0000345801       -0.0010828367        0.0002776652       -0.0004264598        0.0104228681
       -0.0137747554        0.0076615322       -0.0033324036       -0.0015985997        0.0025884910
       -0.0980424678        0.2900966684       -0.0987305918        0.0000546011       -0.0001271047
       -0.0001729117       -0.0000770207        0.0003754437       -0.0015861637        0.0005342887
       -0.0007810514        0.0002481063
        0.0004805290       -0.0008487481       -0.0000242456       -0.0002640683       -0.0006394650
       -0.0028668014        0.0009462206        0.0001160315       -0.0000599183       -0.0005720142
        0.0033660330        0.0026821732       -0.0006585788        0.0016435436        0.0057810385
       -0.0368448480        0.0884246421       -0.0732912481       -0.0000437899        0.0001267872
        0.0002270202        0.0002019642       -0.0006041027       -0.0008634769       -0.0030733361
        0.0060719916        0.0028315051        0.0006188647        0.0028039176        0.0064151642
        0.0389544938       -0.0987305918        0.0639222591        0.0000291714       -0.0002260492
       -0.0006692459        0.0003837677       -0.0016474785       -0.0038815255       -0.0001583762
        0.0001434887       -0.0002026985
        0.0000104016       -0.0003819668       -0.0000547915        0.0008434682       -0.0005601582
        0.0002074631       -0.0002590861        0.0000083079        0.0000924796       -0.0017935745
       -0.0032198833        0.0007482428        0.0085509596       -0.0180773766        0.0072256732
       -0.0013364399       -0.0006610125        0.0002693375        0.0008324066       -0.0006926685
        0.0005810342       -0.0993894398        0.0958664762       -0.0413193113       -0.0053911635
       -0.0003486889       -0.0008621119       -0.0062589216        0.0271216570       -0.0110302064
        0.0000479676        0.0000546011        0.0000291714        0.1034996475       -0.1001689327
        0.0440668695       -0.0003906759        0.0012789265       -0.0004677168        0.0010344502
       -0.0002192810        0.0005138666
        0.0000410579       -0.0005828070       -0.0001009668        0.0012300483        0.0002063322
        0.0001764865       -0.0005009781        0.0000299866        0.0000245648       -0.0034858226
       -0.0016363757        0.0027126156        0.0109162985       -0.0163379960        0.0084259029
       -0.0007848169        0.0002615507       -0.0005090519        0.0005862986        0.0009149712
       -0.0013527462        0.0925909161       -0.2670703214        0.0940103565       -0.0001250793
        0.0025499078        0.0017889220       -0.0007013858        0.0021470140        0.0006452468
        0.0000631852       -0.0001271047       -0.0002260492       -0.1001689327        0.2796269517
       -0.1040090536       -0.0001589834        0.0000082693        0.0000332220        0.0004981943
        0.0000096213       -0.0016194494
        0.0000675392        0.0002801805       -0.0000424262       -0.0003363044        0.0001392414
        0.0004033207        0.0001015968       -0.0000436610       -0.0000473600        0.0009709934
        0.0021718192        0.0048406761       -0.0036722864        0.0067774559        0.0008886834
        0.0000942909       -0.0007266103       -0.0008511831        0.0001597636       -0.0015467671
       -0.0024313224       -0.0406191675        0.0941287728       -0.0766109608       -0.0009869150
        0.0018306769        0.0064486239       -0.0001597641        0.0026389754        0.0030870542
        0.0000161609       -0.0001729117       -0.0006692459        0.0440668695       -0.1040090536
        0.0686389829        0.0000310003        0.0001571946        0.0000832609        0.0002662227
       -0.0016253129       -0.0037381037
        0.0000112802       -0.0002883522       -0.0000066586       -0.0000566488        0.0011276565
       -0.0003778492       -0.0004531454       -0.0003173413        0.0003036711       -0.0001028745
       -0.0034713784        0.0005033917        0.0006046046       -0.0002932474        0.0001335833
       -0.0146557865        0.0041759944       -0.0028073846       -0.0000988275        0.0000001812
        0.0000627473        0.0013727571        0.0019719789       -0.0011294441       -0.3393028568
        0.0312711736       -0.0334826324       -0.0068056559       -0.0011250611       -0.0003692331
        0.0006997453       -0.0000770207        0.0003837677       -0.0003906759       -0.0001589834
        0.0000310003        0.3586143160       -0.0332130592        0.0365558945        0.0005637682
        0.0003974591        0.0001991461
        0.0001002834       -0.0002373050       -0.0000131705       -0.0009280473        0.0010707178
       -0.0002511764       -0.0003606104       -0.0004567504        0.0003341310       -0.0032834935
       -0.0024122485        0.0030281388       -0.0002159457       -0.0016684052        0.0002531380
       -0.0248070468        0.0066683360       -0.0029763645        0.0001152290        0.0000954575
       -0.0002800484        0.0015568164       -0.0036241612        0.0039528256        0.0315959277
       -0.0612193659        0.0105146045        0.0279848297        0.0020394594        0.0026103366
        0.0006112402        0.0003754437       -0.0016474785        0.0012789265        0.0000082693
        0.0001571946       -0.0332130592        0.0589677082       -0.0140393717       -0.0004350497
        0.0003928442       -0.0016427592
       -0.0000581556       -0.0001038979       -0.0000241803        0.0001403098       -0.0000201428
        0.0005043013        0.0001043119       -0.0000671948       -0.0002312484        0.0005995551
        0.0032075857        0.0061975124        0.0001888015        0.0003031864       -0.0007880548
        0.0076145573       -0.0007613497        0.0043951219        0.0000127263       -0.0003282857
       -0.0006724750       -0.0010407613        0.0039943165        0.0054244883       -0.0334712044
        0.0105078662       -0.0443642648       -0.0107509003        0.0004547278        0.0026635882
        0.0000712986       -0.0015861637       -0.0038815255       -0.0004677168        0.0000332220
        0.0000832609        0.0365558945       -0.0140393717        0.0341861443        0.0005012835
       -0.0015944982       -0.0034926686
        0.0000554736       -0.0001591138       -0.0000389012       -0.0001237207        0.0002649287
        0.0001795170        0.0000423634       -0.0000973442       -0.0000410009       -0.0007424080
        0.0009483061       -0.0002968307       -0.0039658003        0.0008978201       -0.0013256595
        0.0004132933        0.0028068096       -0.0015173656       -0.0013842979       -0.0006579013
        0.0001653369       -0.0139343110       -0.0248303413        0.0077013268        0.0116508607
        0.0099316226       -0.0031177468       -0.1658051387       -0.1317881752        0.0385858738
        0.0003864905        0.0005342887       -0.0001583762        0.0010344502        0.0004981943
        0.0002662227        0.0005637682       -0.0004350497        0.0005012835        0.1718089767
        0.1420859554       -0.0409036799
       -0.0000031195       -0.0001389963       -0.0000288370        0.0000085524        0.0001008572
       -0.0002864175       -0.0000476679       -0.0000422536        0.0000731982        0.0010228382
       -0.0002169898       -0.0002871780        0.0014321119        0.0025283923        0.0020017885
        0.0028116476       -0.0028314089        0.0038445342        0.0001761309        0.0000535337
       -0.0000623782        0.0037912327        0.0064789794       -0.0003582186       -0.0186608232
       -0.0145528381        0.0057533157       -0.1319135719       -0.2221231149        0.0561786519
       -0.0008814647       -0.0007810514        0.0001434887       -0.0002192810        0.0000096213
       -0.0016253129        0.0003974591        0.0003928442       -0.0015944982        0.1420859554
        0.2311224252       -0.0637521369
        0.0000839351        0.0000311281        0.0000281527       -0.0000371653       -0.0003248253
       -0.0007272094        0.0001979590        0.0000865448        0.0000014939       -0.0006438909
       -0.0001535875       -0.0010039304       -0.0014329259        0.0020465000        0.0069035200
       -0.0013334282        0.0038561318        0.0056396380       -0.0000709157       -0.0001463295
       -0.0001383623       -0.0027642043       -0.0025104611        0.0054358113        0.0072887873
        0.0075029509        0.0027267951        0.0385329130        0.0563781869       -0.0586128659
        0.0003696030        0.0002481063       -0.0002026985        0.0005138666       -0.0016194494
       -0.0037381037        0.0001991461       -0.0016427592       -0.0034926686       -0.0409036799
       -0.0637521369        0.0471804276
 $end
